# 	TAS54D	ci:20.4	T IR	T Sens	Mag 	Hz 	Alt	Azi 	Lat 	Lon 	SL	Bat
1	2023-09-11	01:17:06	15.15	20.67	19.75	1.83	10	0	47.201419	8.8695823	462	3.79
2	2023-09-11	01:17:09	15.37	20.73	19.98	1.47	10	11	47.201407	8.8695721	462	3.79
3	2023-09-11	01:17:11	14.85	20.65	20.17	1.23	10	22	47.201407	8.8695721	462	3.79
4	2023-09-11	01:17:14	15.35	20.65	20.22	1.18	10	33	47.201407	8.8695721	462	3.79
5	2023-09-11	01:17:16	15.37	20.63	20.18	1.23	10	45	47.201399	8.8695672	463	3.8
6	2023-09-11	01:17:18	15.11	20.59	20.12	1.29	10	56	47.201397	8.8695512	462	3.8
7	2023-09-11	01:17:21	15.21	20.59	19.98	1.47	10	67	47.201397	8.8695512	462	3.79
8	2023-09-11	01:17:23	15.47	20.59	20.12	1.29	10	78	47.201406	8.8695444	462	3.79
9	2023-09-11	01:17:26	15.47	20.57	20.21	1.19	10	90	47.201414	8.8695550	462	3.79
10	2023-09-11	01:17:28	15.45	20.55	20.03	1.41	10	101	47.201426	8.8695630	461	3.79
11	2023-09-11	01:17:30	15.25	20.57	19.29	2.78	10	112	47.201426	8.8695630	461	3.79
12	2023-09-11	01:17:32	15.15	20.55	18.71	4.76	10	123	47.201426	8.8695630	461	3.79
13	2023-09-11	01:17:33	15.37	20.53	18.89	4.02	10	135	47.201426	8.8695630	461	3.79
14	2023-09-11	01:17:35	15.55	20.55	19.62	2.04	10	146	47.201426	8.8695630	461	3.79
15	2023-09-11	01:17:37	15.21	20.47	19.96	1.5	10	157	47.201426	8.8695630	461	3.79
16	2023-09-11	01:17:40	15.45	20.47	20.08	1.34	10	168	47.201426	8.8695630	461	3.79
17	2023-09-11	01:17:42	15.65	20.43	20.31	1.09	10	180	47.201415	8.8695624	462	3.8
18	2023-09-11	01:17:45	15.71	20.39	20.35	1.05	10	191	47.201415	8.8695624	462	3.78
19	2023-09-11	01:17:47	15.45	20.39	20.15	1.26	10	202	47.201415	8.8695624	462	3.79
20	2023-09-11	01:17:50	15.21	20.39	20.02	1.42	10	213	47.201415	8.8695624	462	3.79
21	2023-09-11	01:17:52	15.25	20.35	19.98	1.47	10	225	47.201415	8.8695624	462	3.79
22	2023-09-11	01:17:54	15.25	20.35	19.93	1.54	10	236	47.201415	8.8695624	462	3.78
23	2023-09-11	01:17:56	15.09	20.31	19.92	1.56	10	247	47.201415	8.8695624	462	3.79
24	2023-09-11	01:17:59	15.31	20.31	19.74	1.84	10	258	47.201415	8.8695624	462	3.79
25	2023-09-11	01:18:01	15.35	20.29	19.48	2.33	10	270	47.201415	8.8695624	462	3.78
26	2023-09-11	01:18:02	15.09	20.25	19.29	2.78	10	281	47.201415	8.8695624	462	3.79
27	2023-09-11	01:18:04	14.85	20.23	19.12	3.26	10	292	47.201415	8.8695624	462	3.79
28	2023-09-11	01:18:06	14.99	20.23	19.08	3.38	10	303	47.201415	8.8695624	462	3.79
29	2023-09-11	01:18:08	15.09	20.23	19.01	3.6	10	315	47.201415	8.8695624	462	3.78
30	2023-09-11	01:18:09	14.91	20.21	18.91	3.95	10	326	47.201415	8.8695624	462	3.79
31	2023-09-11	01:18:11	15.05	20.19	18.9	3.99	10	337	47.201415	8.8695624	462	3.79
32	2023-09-11	01:18:12	15.21	20.17	19.11	3.27	10	348	47.201415	8.8695624	462	3.79
33	2023-09-11	01:18:15	12.19	20.15	19.8	1.74	20	0	47.201415	8.8695624	462	3.78
34	2023-09-11	01:18:18	12.03	20.17	20	1.44	20	12	47.201415	8.8695624	462	3.79
35	2023-09-11	01:18:20	11.89	20.15	20.12	1.29	20	25	47.201415	8.8695624	462	3.79
36	2023-09-11	01:18:23	12.23	20.17	20.17	1.23	20	38	47.201415	8.8695624	462	3.79
37	2023-09-11	01:18:25	11.81	20.09	20.13	1.28	20	51	47.201415	8.8695624	462	3.78
38	2023-09-11	01:18:27	12.03	20.11	20.06	1.37	20	64	47.201415	8.8695624	462	3.78
39	2023-09-11	01:18:29	12.53	20.13	20.04	1.39	20	77	47.201415	8.8695624	462	3.78
40	2023-09-11	01:18:32	12.37	20.09	20.04	1.39	20	90	47.201415	8.8695624	462	3.79
41	2023-09-11	01:18:34	12.27	20.09	19.91	1.56	20	102	47.201415	8.8695624	462	3.79
42	2023-09-11	01:18:36	12.33	20.13	19.6	2.1	20	115	47.201415	8.8695624	462	3.78
43	2023-09-11	01:18:38	12.67	20.01	19.09	3.33	20	128	47.201415	8.8695624	462	3.79
44	2023-09-11	01:18:39	12.63	19.99	19.58	2.13	20	141	47.201415	8.8695624	462	3.79
45	2023-09-11	01:18:42	12.73	20.01	19.81	1.72	20	154	47.201415	8.8695624	462	3.78
46	2023-09-11	01:18:44	12.91	19.99	19.98	1.47	20	167	47.201415	8.8695624	462	3.78
47	2023-09-11	01:18:46	12.83	19.93	20.06	1.37	20	180	47.201415	8.8695624	462	3.79
48	2023-09-11	01:18:49	13.01	19.95	20.02	1.42	20	192	47.201415	8.8695624	462	3.78
49	2023-09-11	01:18:51	12.87	19.95	19.86	1.65	20	205	47.201415	8.8695624	462	3.78
50	2023-09-11	01:18:53	12.57	19.91	19.73	1.86	20	218	47.201415	8.8695624	462	3.78
51	2023-09-11	01:18:55	12.61	19.93	19.66	1.97	20	231	47.201415	8.8695624	462	3.78
52	2023-09-11	01:18:57	12.51	19.89	19.65	1.99	20	244	47.201415	8.8695624	462	3.79
53	2023-09-11	01:18:59	11.99	19.85	19.59	2.11	20	257	47.201415	8.8695624	462	3.79
54	2023-09-11	01:19:01	12.13	19.85	19.47	2.36	20	270	47.201415	8.8695624	462	3.78
55	2023-09-11	01:19:03	11.95	19.87	19.44	2.42	20	282	47.201415	8.8695624	462	3.79
56	2023-09-11	01:19:05	12.05	19.85	19.39	2.53	20	295	47.201415	8.8695624	462	3.78
57	2023-09-11	01:19:07	11.71	19.83	19.31	2.74	20	308	47.201415	8.8695624	462	3.78
58	2023-09-11	01:19:09	11.81	19.79	19.29	2.78	20	321	47.201415	8.8695624	462	3.78
59	2023-09-11	01:19:11	11.67	19.79	19.38	2.56	20	334	47.201415	8.8695624	462	3.78
60	2023-09-11	01:19:13	11.81	19.77	19.56	2.17	20	347	47.201415	8.8695624	462	3.78
61	2023-09-11	01:19:16	7.69	19.75	20.03	1.41	30	0	47.201415	8.8695624	462	3.79
62	2023-09-11	01:19:19	7.87	19.79	20.18	1.22	30	15	47.201415	8.8695624	462	3.78
63	2023-09-11	01:19:21	8.13	19.75	20.27	1.13	30	30	47.201415	8.8695624	462	3.78
64	2023-09-11	01:19:24	7.95	19.73	20.27	1.13	30	45	47.201415	8.8695624	462	3.79
65	2023-09-11	01:19:27	7.97	19.71	20.21	1.19	30	60	47.201415	8.8695624	462	3.78
66	2023-09-11	01:19:29	8.05	19.69	20.19	1.22	30	75	47.201415	8.8695624	462	3.79
67	2023-09-11	01:19:32	8.15	19.71	20.14	1.27	30	90	47.201415	8.8695624	462	3.78
68	2023-09-11	01:19:35	8.29	19.67	20.02	1.42	30	105	47.201415	8.8695624	462	3.78
69	2023-09-11	01:19:38	8.71	19.65	19.89	1.61	30	120	47.201415	8.8695624	462	3.78
70	2023-09-11	01:19:40	8.71	19.63	19.88	1.61	30	135	47.201415	8.8695624	462	3.78
71	2023-09-11	01:19:43	8.59	19.63	19.97	1.49	30	150	47.201415	8.8695624	462	3.78
72	2023-09-11	01:19:46	8.89	19.57	20.06	1.37	30	165	47.201415	8.8695624	462	3.79
73	2023-09-11	01:19:49	8.65	19.57	20.12	1.3	30	180	47.201415	8.8695624	462	3.78
74	2023-09-11	01:19:51	8.69	19.55	20.07	1.36	30	195	47.201415	8.8695624	462	3.78
75	2023-09-11	01:19:54	8.93	19.55	19.96	1.5	30	210	47.201415	8.8695624	462	3.78
76	2023-09-11	01:19:56	8.61	19.51	19.86	1.64	30	225	47.201415	8.8695624	462	3.78
77	2023-09-11	01:19:59	8.47	19.49	19.81	1.72	30	240	47.201415	8.8695624	462	3.78
78	2023-09-11	01:20:01	8.55	19.49	19.77	1.79	30	255	47.201415	8.8695624	462	3.78
79	2023-09-11	01:20:03	8.29	19.45	19.74	1.83	30	270	47.201415	8.8695624	462	3.78
80	2023-09-11	01:20:05	8.05	19.47	19.74	1.84	30	285	47.201415	8.8695624	462	3.78
81	2023-09-11	01:20:07	8.09	19.47	19.7	1.9	30	300	47.201415	8.8695624	462	3.78
82	2023-09-11	01:20:09	7.83	19.45	19.68	1.95	30	315	47.201415	8.8695624	462	3.78
83	2023-09-11	01:20:12	7.61	19.43	19.73	1.86	30	330	47.201415	8.8695624	462	3.77
84	2023-09-11	01:20:14	7.87	19.47	19.86	1.64	30	345	47.201415	8.8695624	462	3.78
85	2023-09-11	01:20:18	4.53	19.41	20.24	1.16	40	0	47.201415	8.8695624	462	3.78
86	2023-09-11	01:20:20	4.53	19.41	20.35	1.05	40	18	47.201415	8.8695624	462	3.78
87	2023-09-11	01:20:23	4.59	19.39	20.4	1	40	36	47.201415	8.8695624	462	3.77
88	2023-09-11	01:20:26	4.67	19.35	20.36	1.04	40	54	47.201415	8.8695624	462	3.78
89	2023-09-11	01:20:29	4.85	19.33	20.34	1.06	40	72	47.201415	8.8695624	462	3.78
90	2023-09-11	01:20:32	5.05	19.31	20.24	1.16	40	90	47.201415	8.8695624	462	3.78
91	2023-09-11	01:20:35	5.07	19.27	20.08	1.34	40	108	47.201415	8.8695624	462	3.77
92	2023-09-11	01:20:38	5.05	19.31	20.14	1.27	40	126	47.201415	8.8695624	462	3.78
93	2023-09-11	01:20:41	5.05	19.27	20.17	1.23	40	144	47.201415	8.8695624	462	3.78
94	2023-09-11	01:20:44	5.23	19.27	20.18	1.22	40	162	47.201415	8.8695624	462	3.78
95	2023-09-11	01:20:47	5.41	19.25	20.23	1.17	40	180	47.201415	8.8695624	462	3.78
96	2023-09-11	01:20:50	5.15	19.23	20.19	1.22	40	198	47.201415	8.8695624	462	3.78
97	2023-09-11	01:20:53	5.07	19.21	20.12	1.3	40	216	47.201415	8.8695624	462	3.77
98	2023-09-11	01:20:56	4.93	19.19	20.05	1.39	40	234	47.201415	8.8695624	462	3.77
99	2023-09-11	01:20:58	5.01	19.13	19.97	1.48	40	252	47.201415	8.8695624	462	3.78
100	2023-09-11	01:21:01	4.89	19.17	19.97	1.48	40	270	47.201415	8.8695624	462	3.78
101	2023-09-11	01:21:04	4.79	19.11	19.99	1.46	40	288	47.201415	8.8695624	462	3.78
102	2023-09-11	01:21:07	4.45	19.07	20	1.45	40	306	47.201415	8.8695624	462	3.77
103	2023-09-11	01:21:09	4.49	19.09	20.02	1.41	40	324	47.201415	8.8695624	462	3.78
104	2023-09-11	01:21:12	4.59	19.07	20.12	1.3	40	342	47.201415	8.8695624	462	3.77
105	2023-09-11	01:21:17	2.31	19.05	20.39	1.01	50	0	47.201415	8.8695624	462	3.77
106	2023-09-11	01:21:20	2.61	19.03	20.47	0.94	50	22	47.201415	8.8695624	462	3.77
107	2023-09-11	01:21:23	2.55	19.01	20.48	0.93	50	45	47.201415	8.8695624	462	3.77
108	2023-09-11	01:21:26	2.59	18.99	20.44	0.96	50	67	47.201415	8.8695624	462	3.78
109	2023-09-11	01:21:29	2.85	18.97	20.4	1	50	90	47.201415	8.8695624	462	3.78
110	2023-09-11	01:21:33	2.35	18.97	20.31	1.09	50	112	47.201415	8.8695624	462	3.77
111	2023-09-11	01:21:37	2.89	18.95	20.34	1.06	50	135	47.201415	8.8695624	462	3.77
112	2023-09-11	01:21:41	2.99	18.91	20.33	1.06	50	157	47.201415	8.8695624	462	3.78
113	2023-09-11	01:21:44	2.95	18.91	20.35	1.05	50	180	47.201415	8.8695624	462	3.77
114	2023-09-11	01:21:48	3.03	18.87	20.32	1.08	50	202	47.201415	8.8695624	462	3.77
115	2023-09-11	01:21:52	2.99	18.87	20.26	1.14	50	225	47.201415	8.8695624	462	3.77
116	2023-09-11	01:21:55	2.89	18.83	20.16	1.24	50	247	47.201415	8.8695624	462	3.77
117	2023-09-11	01:21:58	2.81	18.79	20.11	1.3	50	270	47.201415	8.8695624	462	3.78
118	2023-09-11	01:22:01	2.91	18.77	20.16	1.24	50	292	47.201415	8.8695624	462	3.77
119	2023-09-11	01:22:05	2.31	18.81	20.22	1.18	50	315	47.201415	8.8695624	462	3.77
120	2023-09-11	01:22:08	2.77	18.77	20.3	1.1	50	337	47.201415	8.8695624	462	3.78
121	2023-09-11	01:22:13	0.95	18.73	20.5	0.91	60	0	47.201415	8.8695624	462	3.77
122	2023-09-11	01:22:18	1.01	18.71	20.53	0.88	60	30	47.201415	8.8695624	462	3.78
123	2023-09-11	01:22:22	1.01	18.67	20.51	0.91	60	60	47.201415	8.8695624	462	3.77
124	2023-09-11	01:22:27	1.09	18.65	20.52	0.9	60	90	47.201415	8.8695624	462	3.77
125	2023-09-11	01:22:31	1.05	18.63	20.49	0.92	60	120	47.201415	8.8695624	462	3.77
126	2023-09-11	01:22:36	1.25	18.63	20.48	0.93	60	150	47.201415	8.8695624	462	3.78
127	2023-09-11	01:22:40	1.41	18.59	20.46	0.94	60	180	47.201415	8.8695624	462	3.78
128	2023-09-11	01:22:44	0.95	18.57	20.42	0.98	60	210	47.201415	8.8695624	462	3.77
129	2023-09-11	01:22:48	1.33	18.55	20.34	1.06	60	240	47.201415	8.8695624	462	3.77
130	2023-09-11	01:22:51	0.87	18.51	20.24	1.16	60	270	47.201415	8.8695624	462	3.77
131	2023-09-11	01:22:55	0.87	18.49	20.31	1.09	60	300	47.201415	8.8695624	462	3.77
132	2023-09-11	01:22:59	0.97	18.45	20.41	0.99	60	330	47.201415	8.8695624	462	3.77
133	2023-09-11	01:23:04	-0.03	18.43	20.52	0.89	70	0	47.201415	8.8695624	462	3.77
134	2023-09-11	01:23:09	-0.07	18.41	20.53	0.88	70	45	47.201415	8.8695624	462	3.77
135	2023-09-11	01:23:13	0.09	18.39	20.59	0.84	70	90	47.201415	8.8695624	462	3.77
136	2023-09-11	01:23:18	-0.11	18.37	20.59	0.84	70	135	47.201415	8.8695624	462	3.77
137	2023-09-11	01:23:23	0.29	18.37	20.55	0.87	70	180	47.201415	8.8695624	462	3.77
138	2023-09-11	01:23:29	0.25	18.31	20.48	0.93	70	225	47.201408	8.8695558	462	3.77
139	2023-09-11	01:23:33	-0.07	18.23	20.37	1.03	70	270	47.201408	8.8695558	462	3.77
140	2023-09-11	01:23:38	-0.03	18.27	20.43	0.97	70	315	47.201408	8.8695558	462	3.77
141	2023-09-11	01:23:45	-0.37	18.21	20.51	0.91	80	0	47.201408	8.8695558	462	3.77
142	2023-09-11	01:23:53	-0.41	18.17	20.6	0.83	80	90	47.201408	8.8695558	462	3.77
143	2023-09-11	01:24:02	-0.57	18.15	20.59	0.84	80	180	47.201408	8.8695558	462	3.77
144	2023-09-11	01:24:09	-0.53	18.09	20.46	0.94	80	270	47.201408	8.8695558	462	3.77
145	2023-09-11	01:24:18	-0.89	18.07	20.53	0.88	90	0	47.201408	8.8695558	462	3.77
