#	TAS54D	20.4	T IR	T Sens	Mag	Hz	Alt	Azi	Lat	Lon	SL	BAT
1	2025:4:29	2:2:21	-0.37	6.79	20.62	0.82	10	0.00	49.301117	4.970983	181	3.93
2	2025:4:29	2:2:25	-0.65	6.75	20.75	0.73	10	11.00	49.301117	4.970983	181	3.93
3	2025:4:29	2:2:28	-0.23	6.79	20.9	0.63	10	22.00	49.301117	4.970983	181	3.92
4	2025:4:29	2:2:32	0.09	6.79	21.12	0.52	10	33.00	49.301117	4.970983	181	3.93
5	2025:4:29	2:2:36	1.13	6.81	21.36	0.41	10	45.00	49.301117	4.970983	181	3.93
6	2025:4:29	2:2:42	1.21	6.79	21.48	0.37	10	56.00	49.301117	4.970983	181	3.93
7	2025:4:29	2:2:47	0.83	6.79	21.45	0.38	10	67.00	49.301117	4.970983	181	3.93
8	2025:4:29	2:2:52	0.79	6.79	21.33	0.43	10	78.00	49.301117	4.970983	181	3.93
9	2025:4:29	2:2:56	0.29	6.75	21.22	0.47	10	90.00	49.301117	4.970983	181	3.93
10	2025:4:29	2:3:0	0.37	6.75	21.19	0.48	10	101.00	49.301117	4.970983	181	3.92
11	2025:4:29	2:3:4	0.37	6.75	21.13	0.51	10	112.00	49.301117	4.970983	181	3.93
12	2025:4:29	2:3:8	-0.15	6.75	20.94	0.61	10	123.00	49.301117	4.970983	181	3.92
13	2025:4:29	2:3:11	-0.29	6.79	20.83	0.67	10	135.00	49.301117	4.970983	181	3.92
14	2025:4:29	2:3:14	-0.03	6.79	20.89	0.64	10	146.00	49.301117	4.970983	181	3.92
15	2025:4:29	2:3:17	-0.33	6.75	20.95	0.6	10	157.00	49.301117	4.970983	181	3.93
16	2025:4:29	2:3:20	-0.03	6.75	21.01	0.57	10	168.00	49.301117	4.970983	181	3.92
17	2025:4:29	2:3:24	-0.03	6.75	21.04	0.56	10	180.00	49.301117	4.970983	181	3.92
18	2025:4:29	2:3:28	-0.03	6.75	21.03	0.56	10	191.00	49.301117	4.970983	181	3.92
19	2025:4:29	2:3:31	-0.03	6.73	21.03	0.56	10	202.00	49.301117	4.970983	181	3.92
20	2025:4:29	2:3:35	0.17	6.75	21.01	0.57	10	213.00	49.301117	4.970983	181	3.93
21	2025:4:29	2:3:38	0.55	6.75	20.99	0.58	10	225.00	49.301117	4.970983	181	3.92
22	2025:4:29	2:3:42	0.25	6.73	20.94	0.61	10	236.00	49.301117	4.970983	181	3.93
23	2025:4:29	2:3:45	0.25	6.75	20.9	0.63	10	247.00	49.301117	4.970983	181	3.92
24	2025:4:29	2:3:48	-0.03	6.73	20.86	0.66	10	258.00	49.301117	4.970983	181	3.92
25	2025:4:29	2:3:51	-0.15	6.79	20.81	0.68	10	270.00	49.301117	4.970983	181	3.92
26	2025:4:29	2:3:54	-0.53	6.75	20.88	0.64	10	281.00	49.301117	4.970983	181	3.92
27	2025:4:29	2:3:57	-0.37	6.75	21.03	0.56	10	292.00	49.301117	4.970983	181	3.92
28	2025:4:29	2:4:1	-0.37	6.73	21.02	0.56	10	303.00	49.301117	4.970983	181	3.92
29	2025:4:29	2:4:4	-0.37	6.75	20.94	0.61	10	315.00	49.301117	4.970983	181	3.92
30	2025:4:29	2:4:7	-0.89	6.73	20.83	0.67	10	326.00	49.301117	4.970983	181	3.92
31	2025:4:29	2:4:10	-0.65	6.73	20.71	0.75	10	337.00	49.301117	4.970983	181	3.92
32	2025:4:29	2:4:14	-0.97	6.73	20.61	0.83	10	348.00	49.301117	4.970983	181	3.92
33	2025:4:29	2:4:17	-6.19	6.73	20.61	0.83	20	0.00	49.301117	4.970983	181	3.92
34	2025:4:29	2:4:21	-6.19	6.73	20.62	0.81	20	12.00	49.301117	4.970983	181	3.92
35	2025:4:29	2:4:25	-5.69	6.71	20.68	0.77	20	25.00	49.301117	4.970983	181	3.92
36	2025:4:29	2:4:28	-5.03	6.71	20.77	0.71	20	38.00	49.301117	4.970983	181	3.92
37	2025:4:29	2:4:31	-4.61	6.71	20.83	0.67	20	51.00	49.301117	4.970983	181	3.92
38	2025:4:29	2:4:33	-4.45	6.69	20.81	0.69	20	64.00	49.301117	4.970983	181	3.92
39	2025:4:29	2:4:36	-4.53	6.69	20.74	0.73	20	77.00	49.301117	4.970983	181	3.92
40	2025:4:29	2:4:39	-4.61	6.71	20.7	0.76	20	90.00	49.301117	4.970983	181	3.91
41	2025:4:29	2:4:43	-4.81	6.71	20.67	0.78	20	102.00	49.301117	4.970983	181	3.92
42	2025:4:29	2:4:47	-4.69	6.69	20.66	0.79	20	115.00	49.301117	4.970983	181	3.92
43	2025:4:29	2:4:50	-5.31	6.69	20.63	0.81	20	128.00	49.301117	4.970983	181	3.92
44	2025:4:29	2:4:54	-5.23	6.67	20.67	0.78	20	141.00	49.301117	4.970983	181	3.92
45	2025:4:29	2:4:58	-5.11	6.71	20.73	0.74	20	154.00	49.301117	4.970983	181	3.92
46	2025:4:29	2:5:1	-5.15	6.67	20.77	0.71	20	167.00	49.301117	4.970983	181	3.91
47	2025:4:29	2:5:4	-5.11	6.65	20.81	0.68	20	180.00	49.301117	4.970983	181	3.92
48	2025:4:29	2:5:7	-4.77	6.63	20.82	0.68	20	192.00	49.301117	4.970983	181	3.92
49	2025:4:29	2:5:10	-4.99	6.63	20.81	0.68	20	205.00	49.301117	4.970983	181	3.91
50	2025:4:29	2:5:13	-5.11	6.63	20.8	0.69	20	218.00	49.301117	4.970983	181	3.91
51	2025:4:29	2:5:16	-5.23	6.65	20.78	0.7	20	231.00	49.301117	4.970983	181	3.92
52	2025:4:29	2:5:18	-5.23	6.63	20.75	0.73	20	244.00	49.301117	4.970983	181	3.92
53	2025:4:29	2:5:21	-5.65	6.63	20.7	0.76	20	257.00	49.301117	4.970983	181	3.92
54	2025:4:29	2:5:25	-5.47	6.59	20.66	0.79	20	270.00	49.301117	4.970983	181	3.91
55	2025:4:29	2:5:29	-5.47	6.61	20.73	0.74	20	282.00	49.301117	4.970983	181	3.91
56	2025:4:29	2:5:32	-5.55	6.61	20.79	0.7	20	295.00	49.301117	4.970983	181	3.91
57	2025:4:29	2:5:35	-5.73	6.59	20.79	0.7	20	308.00	49.301117	4.970983	181	3.92
58	2025:4:29	2:5:37	-6.13	6.59	20.75	0.72	20	321.00	49.301117	4.970983	181	3.92
59	2025:4:29	2:5:40	-6.19	6.57	20.68	0.77	20	334.00	49.301117	4.970983	181	3.91
60	2025:4:29	2:5:44	-6.47	6.57	20.62	0.82	20	347.00	49.301117	4.970983	181	3.91
61	2025:4:29	2:5:48	-11.01	6.57	20.88	0.64	30	0.00	49.301117	4.970983	181	3.92
62	2025:4:29	2:5:51	-10.97	6.57	20.83	0.67	30	15.00	49.301117	4.970983	181	3.91
63	2025:4:29	2:5:55	-11.29	6.53	20.8	0.69	30	30.00	49.301117	4.970983	181	3.91
64	2025:4:29	2:6:0	-10.79	6.53	20.78	0.71	30	45.00	49.301117	4.970983	181	3.91
65	2025:4:29	2:6:4	-10.97	6.49	20.75	0.72	30	60.00	49.301117	4.970983	181	3.92
66	2025:4:29	2:6:8	-10.49	6.53	20.73	0.74	30	75.00	49.301117	4.970983	181	3.92
67	2025:4:29	2:6:12	-10.71	6.49	20.71	0.75	30	90.00	49.301117	4.970983	181	3.91
68	2025:4:29	2:6:16	-10.67	6.49	20.75	0.72	30	105.00	49.301117	4.970983	181	3.91
69	2025:4:29	2:6:20	-10.41	6.47	20.8	0.69	30	120.00	49.301117	4.970983	181	3.91
70	2025:4:29	2:6:23	-10.31	6.47	20.87	0.65	30	135.00	49.301117	4.970983	181	3.91
71	2025:4:29	2:6:26	-10.41	6.47	20.92	0.62	30	150.00	49.301117	4.970983	181	3.91
72	2025:4:29	2:6:30	-10.27	6.43	20.94	0.61	30	165.00	49.301117	4.970983	181	3.91
73	2025:4:29	2:6:33	-10.27	6.43	20.95	0.6	30	180.00	49.301117	4.970983	181	3.91
74	2025:4:29	2:6:36	-10.23	6.43	20.95	0.6	30	195.00	49.301117	4.970983	181	3.91
75	2025:4:29	2:6:40	-10.23	6.41	20.94	0.61	30	210.00	49.301117	4.970983	181	3.91
76	2025:4:29	2:6:43	-10.23	6.43	20.96	0.59	30	225.00	49.301117	4.970983	181	3.92
77	2025:4:29	2:6:46	-10.49	6.43	20.96	0.6	30	240.00	49.301117	4.970983	181	3.91
78	2025:4:29	2:6:50	-10.67	6.39	20.93	0.61	30	255.00	49.301117	4.970983	181	3.91
79	2025:4:29	2:6:53	-10.63	6.41	20.92	0.62	30	270.00	49.301117	4.970983	181	3.91
80	2025:4:29	2:6:56	-10.57	6.41	20.92	0.62	30	285.00	49.301117	4.970983	181	3.91
81	2025:4:29	2:6:59	-10.63	6.41	20.97	0.59	30	300.00	49.301117	4.970983	181	3.91
82	2025:4:29	2:7:3	-10.97	6.39	20.98	0.59	30	315.00	49.301117	4.970983	181	3.91
83	2025:4:29	2:7:6	-11.01	6.41	20.95	0.6	30	330.00	49.301117	4.970983	181	3.91
84	2025:4:29	2:7:9	-10.93	6.41	20.91	0.62	30	345.00	49.301117	4.970983	181	3.91
85	2025:4:29	2:7:15	-13.65	6.39	21.1	0.52	40	0.00	49.301117	4.970983	181	3.91
86	2025:4:29	2:7:18	-13.11	6.39	21.04	0.55	40	18.00	49.301117	4.970983	181	3.91
87	2025:4:29	2:7:22	-13.19	6.39	20.97	0.59	40	36.00	49.301117	4.970983	181	3.91
88	2025:4:29	2:7:27	-13.37	6.37	20.91	0.62	40	54.00	49.301117	4.970983	181	3.91
89	2025:4:29	2:7:31	-13.11	6.35	20.85	0.66	40	72.00	49.301117	4.970983	181	3.91
90	2025:4:29	2:7:36	-13.19	6.39	20.87	0.65	40	90.00	49.301117	4.970983	181	3.91
91	2025:4:29	2:7:41	-13.23	6.31	20.96	0.6	40	108.00	49.301117	4.970983	181	3.91
92	2025:4:29	2:7:46	-12.97	6.31	21.03	0.56	40	126.00	49.301117	4.970983	181	3.91
93	2025:4:29	2:7:50	-12.65	6.29	21.1	0.52	40	144.00	49.301117	4.970983	181	3.91
94	2025:4:29	2:7:54	-13.07	6.31	21.12	0.52	40	162.00	49.301117	4.970983	181	3.91
95	2025:4:29	2:7:58	-12.89	6.29	21.13	0.51	40	180.00	49.301117	4.970983	181	3.91
96	2025:4:29	2:8:2	-13.01	6.29	21.12	0.51	40	198.00	49.301117	4.970983	181	3.91
97	2025:4:29	2:8:6	-12.89	6.25	21.13	0.51	40	216.00	49.301117	4.970983	181	3.91
98	2025:4:29	2:8:10	-12.53	6.27	21.15	0.5	40	234.00	49.301117	4.970983	181	3.91
99	2025:4:29	2:8:13	-13.01	6.27	21.14	0.51	40	252.00	49.301117	4.970983	181	3.91
100	2025:4:29	2:8:17	-13.23	6.25	21.13	0.51	40	270.00	49.301117	4.970983	181	3.91
101	2025:4:29	2:8:21	-13.01	6.25	21.15	0.5	40	288.00	49.301117	4.970983	181	3.91
102	2025:4:29	2:8:25	-13.19	6.19	21.16	0.5	40	306.00	49.301117	4.970983	181	3.90
103	2025:4:29	2:8:29	-13.19	6.19	21.16	0.5	40	324.00	49.301117	4.970983	181	3.90
104	2025:4:29	2:8:33	-13.51	6.23	21.14	0.5	40	342.00	49.301117	4.970983	181	3.90
105	2025:4:29	2:8:40	-14.79	6.17	21.27	0.45	50	0.00	49.301117	4.970983	181	3.90
106	2025:4:29	2:8:44	-15.11	6.19	21.22	0.47	50	22.00	49.301117	4.970983	181	3.90
107	2025:4:29	2:8:48	-14.89	6.17	21.15	0.5	50	45.00	49.301117	4.970983	181	3.91
108	2025:4:29	2:8:54	-14.79	6.17	21.07	0.54	50	67.00	49.301117	4.970983	181	3.91
109	2025:4:29	2:8:59	-14.93	6.15	21.06	0.55	50	90.00	49.301117	4.970983	181	3.91
110	2025:4:29	2:9:3	-14.83	6.11	21.18	0.49	50	112.00	49.301117	4.970983	181	3.91
111	2025:4:29	2:9:10	-14.69	6.11	21.23	0.46	50	135.00	49.301117	4.970983	181	3.90
112	2025:4:29	2:9:14	-14.65	6.09	21.27	0.45	50	157.00	49.301117	4.970983	181	3.91
113	2025:4:29	2:9:19	-14.93	6.07	21.28	0.44	50	180.00	49.301117	4.970983	181	3.90
114	2025:4:29	2:9:23	-14.83	6.07	21.28	0.44	50	202.00	49.301117	4.970983	181	3.90
115	2025:4:29	2:9:28	-15.21	6.05	21.29	0.44	50	225.00	49.301117	4.970983	181	3.90
116	2025:4:29	2:9:32	-14.93	6.07	21.31	0.43	50	247.00	49.301117	4.970983	181	3.90
117	2025:4:29	2:9:37	-15.07	6.03	21.31	0.43	50	270.00	49.301117	4.970983	181	3.90
118	2025:4:29	2:9:41	-15.11	6.01	21.3	0.44	50	292.00	49.301117	4.970983	181	3.91
119	2025:4:29	2:9:46	-15.07	6.01	21.31	0.43	50	315.00	49.301117	4.970983	181	3.90
120	2025:4:29	2:9:51	-15.11	6.01	21.31	0.43	50	337.00	49.301117	4.970983	181	3.91
121	2025:4:29	2:9:58	-16.55	5.95	21.39	0.4	60	0.00	49.301117	4.970983	181	3.90
122	2025:4:29	2:10:5	-15.95	5.93	21.33	0.43	60	30.00	49.301117	4.970983	181	3.90
123	2025:4:29	2:10:12	-16.23	5.93	21.24	0.46	60	60.00	49.301117	4.970983	181	3.91
124	2025:4:29	2:10:18	-15.71	5.93	21.28	0.44	60	90.00	49.301117	4.970983	181	3.90
125	2025:4:29	2:10:26	-15.63	5.89	21.35	0.42	60	120.00	49.301117	4.970983	181	3.90
126	2025:4:29	2:10:33	-15.89	5.87	21.39	0.4	60	150.00	49.301117	4.970983	181	3.90
127	2025:4:29	2:10:38	-15.85	5.83	21.39	0.4	60	180.00	49.301117	4.970983	181	3.90
128	2025:4:29	2:10:43	-15.81	5.83	21.33	0.42	60	210.00	49.301117	4.970983	181	3.90
129	2025:4:29	2:10:48	-15.75	5.81	21.43	0.39	60	240.00	49.301117	4.970983	181	3.90
130	2025:4:29	2:10:53	-15.81	5.83	21.44	0.38	60	270.00	49.301117	4.970983	181	3.90
131	2025:4:29	2:10:58	-15.99	5.81	21.43	0.39	60	300.00	49.301117	4.970983	181	3.90
132	2025:4:29	2:11:3	-15.71	5.79	21.42	0.39	60	330.00	49.301117	4.970983	181	3.90
133	2025:4:29	2:11:11	-16.83	5.79	21.5	0.36	70	0.00	49.301117	4.970983	181	3.90
134	2025:4:29	2:11:19	-16.89	5.75	21.46	0.38	70	45.00	49.301117	4.970983	181	3.90
135	2025:4:29	2:11:27	-16.93	5.71	21.45	0.38	70	90.00	49.301117	4.970983	181	3.90
136	2025:4:29	2:11:35	-16.83	5.71	21.47	0.37	70	135.00	49.301117	4.970983	181	3.90
137	2025:4:29	2:11:43	-16.83	5.67	21.47	0.37	70	180.00	49.301117	4.970983	181	3.90
138	2025:4:29	2:11:51	-17.03	5.69	21.49	0.37	70	225.00	49.301117	4.970983	181	3.90
139	2025:4:29	2:12:0	-16.83	5.63	21.52	0.36	70	270.00	49.301117	4.970983	181	3.89
140	2025:4:29	2:12:8	-16.59	5.61	21.5	0.36	70	315.00	49.301117	4.970983	181	3.89
141	2025:4:29	2:12:16	-17.21	5.61	21.56	0.34	80	0.00	49.301117	4.970983	181	3.90
142	2025:4:29	2:12:28	-17.03	5.57	21.54	0.35	80	90.00	49.301117	4.970983	181	3.89
143	2025:4:29	2:12:39	-17.11	5.55	21.54	0.35	80	180.00	49.301117	4.970983	181	3.90
144	2025:4:29	2:12:51	-16.89	5.53	21.56	0.34	80	270.00	49.301117	4.970983	181	3.89
145	2025:4:29	2:13:3	-17.07	5.49	21.58	0.34	90	0.00	49.301117	4.970983	181	3.89
